2.319
2.879
4.295
5.078
5.761
6.463
7.179
8.662
9.342
10.641
11.308
11.958
12.657
13.34
14.006
14.623
15.307
17.455
18.971
19.471
20.753
21.487
22.153
22.736
23.386
24.901
25.535
27.017
27.567
28.833
29.449
30.049
30.732
31.448
33.014
33.514
34.913
35.431
36.896
37.512
38.162
38.662
39.278
40.628
41.327
42.194
43.41
44.343
44.792
45.375
46.392
46.858
47.508
49.424
49.775
49.957
51.09
51.573
52.889
53.622
54.271
54.921
55.654
57.12
57.754
59.253
59.769
60.418
61.552
61.918
62.418
63.051
63.717
65.383
65.816
67.266
67.882
69.265
69.832
70.481
71.164
71.847
73.363
73.963
75.495
76.095
76.845
77.511
78.144
78.843
79.51
80.243
82.243
82.926
83.941
84.424
85.841
86.39
87.023
87.69
88.389
89.888
90.472
92.121
92.654
94.17
94.703
95.336
96.036
96.735
98.335
98.818
100.334
100.817
102.283
102.816
103.466
104.066
104.815
106.364
106.931
108.48
109.03
110.013
110.496
111.079
112.028
112.512
113.161
115.094
115.494
116.96
117.426
118.859
119.458
120.058
120.708
121.424
123.107
123.657
125.072
125.706
127.105
127.771
128.404
129.087
129.821
131.436
132.019
133.385
133.969
135.435
136.084
136.667
137.384
138.1
139.666
140.233
141.748
142.331
143.198
143.747
144.365
144.947
145.647
146.43
148.346
148.928
149.712
150.311
151.661
152.294
152.927
153.593
154.276
155.642
156.243
157.841
158.374
159.757
160.373
161.073
161.756
162.522
164.122
164.605
166.137
166.571
168.037
168.536
169.186
169.769
170.452
171.935
172.518
174.15
174.651
175.6
176.066
176.666
177.683
178.082
178.781
180.364
181.13
182.513
183.03
184.545
185.062
185.645
186.311
186.978
188.594
189.06
190.727
191.227
192.592
193.275
193.891
194.642
195.291
197.224
197.74
