2.342
3.172
4.455
5.205
5.905
6.604
7.27
8.753
9.419
10.785
11.385
12.018
12.685
13.35
14.017
14.65
15.35
16.999
18.998
19.515
21.014
21.58
22.147
22.813
23.463
25.026
25.577
27.009
27.592
28.908
29.525
30.258
30.874
31.474
32.973
33.523
34.889
35.439
36.838
37.388
37.971
38.67
39.337
40.67
41.386
42.902
43.452
44.335
44.835
45.468
46.417
46.884
47.55
48.982
49.915
51.098
51.665
52.997
53.697
54.33
54.98
55.663
57.196
57.762
59.245
59.795
61.16
61.793
62.393
63.076
63.743
65.325
65.792
67.124
67.857
69.407
69.973
70.59
71.272
71.905
73.555
74.138
75.587
76.137
77.07
77.57
78.203
78.869
79.552
80.302
